0.778054419
0.537048629
0.202355388
1.131184647
0.224962828
0.233113081
0.328233561
0.335141994
0.203651347
1.325704539
0.805519833
0.443457135
0.230950105
0.740068875
0.367628619
0.21122671
1.284561939
0.395725192
0.231693228
0.889761652
0.199626891
0.204534072
0.25331433
0.202865043
0.225920063
0.25226146
0.199673814
0.679668096
0.236467125
0.219441299
0.23403314
0.19969793
0.21855616
0.214474738
0.347175201
0.467672079
0.546953252
0.421469088
0.17544342
0.277922667
0.199239859
0.875840855
0.39107902
0.211288428
0.272412761
0.233016574
0.876537069
0.398500196
0.174838743
0.27135848
0.275423892
0.254812826
0.208154788
0.362806401
0.222405481
0.22182639
0.200820321
0.204650869
0.204126144
0.492245826
0.203530192
0.796600759
0.215789269
0.338787464
0.205811965
0.43895482
0.262134699
0.225872776
0.964768509
0.201263022
0.178444174
0.685642284
0.50652607
0.248830519
0.934853404
0.2348199
0.720604752
0.831980472
0.252503314
0.2179571
0.398947467
1.055599404
0.220817314
0.202283881
0.384943048
0.192552986
0.226063897
0.649375592
0.21580928
1.112837986
0.234677774
0.195896182
0.563744657
0.259615261
0.267454571
1.440637854
0.239520565
0.38716773
0.490305847
0.202494939
1.038825131
0.265760457
1.001063552
0.545687594
0.217261937
1.00241119
0.295946438
0.507426766
0.225165586
0.250582581
0.743972542
0.256009323
0.252031068
0.282602062
0.266998673
0.255538837
0.322720262
0.391053746
0.26734143
0.356356025
0.27931115
0.279715927
0.272421886
0.27320702
0.493396463
0.258233905
0.240888889
0.566031474
0.573252585
0.248020196
0.461630782
0.266602324
0.277375544
0.77321489
0.259333132
0.740485513
0.232095946
0.679801453
0.635185984
0.452387126
0.875729588
0.379907275
1.481690828
0.760850426
0.234509297
0.710722692
0.44610908
0.730029402
0.737806156
0.244703788
0.459064763
0.629079831
0.298467616
0.29881353
0.270883971
1.268244128
1.110920403
0.247001494
1.046608128
0.328395088
0.276579241
0.231004487
0.230544214
0.352525574
0.249571673
0.264034347
1.728342877
0.206858704
0.210631968
1.096985406
0.243942301
1.042635776
0.293026903
