0.565499305
0.401997998
0.34872633
0.353297762
0.1769668
1.407394887
1.486246292
0.495193668
0.225261552
0.312548396
0.339833743
0.228489305
0.327710405
0.408231224
0.20106348
0.80892274
0.147898581
0.306701714
0.407333828
0.224015415
0.222952238
0.780750613
0.380736689
0.365324794
0.392473936
0.425331851
0.580194548
0.29618882
0.305346731
0.968974495
1.762736392
2.535708443
0.467506635
0.331226925
0.295123826
0.213383184
0.345065739
0.315420086
0.418917326
0.168103066
0.243068076
0.358257382
0.237325178
0.580783295
0.348965218
0.516826178
0.583710658
0.561766503
0.166365763
0.398452016
0.534964119
1.637322466
0.205602612
0.813271875
0.353577762
0.983875482
1.253502844
1.40507444
