1.305074845
1.467349194
0.767211395
0.736470824
0.639768169
0.794195118
0.778752163
1.223239455
1.040526398
0.765908185
0.576573633
1.20128673
1.173562305
0.758768013
0.742762022
0.740724276
0.731657013
0.662744011
0.738753388
1.309506973
0.593882885
0.563595023
0.604416215
1.032407871
0.631223415
0.842446225
0.73433609
0.611779681
0.785090468
1.23982096
0.744886828
0.749020375
0.700072089
0.779299357
0.694478323
1.342129967
0.642588506
0.630780408
0.620554097
0.686538265
0.757507905
0.740921129
0.74888754
0.745539686
0.761099738
1.183642915
0.627933557
1.301467777
0.604987009
0.622718671
0.602452619
0.638382543
0.639054372
0.6105714
1.112529066
1.381249852
0.773303759
0.6250897
