0.681264193
1.506500917
0.773213988
1.795739425
1.607476136
0.760562225
0.822823356
0.929345806
1.053266898
0.732286724
1.478271896
2.124088794
0.71841557
1.64697325
0.724115778
0.805732652
1.437841748
0.781779197
0.780462613
1.009874612
1.876891141
0.70924873
0.711210719
1.861211521
0.802190457
1.241500799
0.71238365
0.702144841
1.030979259
0.672604981
0.673891406
0.650357568
0.722012465
1.302365236
1.084631513
1.376506196
1.522000989
0.799782075
0.902684448
1.390338626
0.676369792
0.660668145
0.705926749
1.608007593
0.713277485
0.752063766
0.819912927
0.82202959
0.773570464
0.739329646
1.309123825
0.743616673
0.91558587
0.93095495
0.798450253
0.709974855
1.411907087
0.791064829
0.943938257
0.70775745
0.750736734
0.814394639
0.933699777
0.954016007
0.6997896
0.67302105
0.613496844
0.657346355
0.739284408
0.683495337
0.680009536
0.671501287
0.856902985
1.040341921
1.354870639
0.724741264
0.796982578
0.695928981
1.60767418
0.763381106
0.70980202
0.72913369
0.725140272
0.75097652
1.44677363
0.726643303
0.801592401
0.825724643
0.800362575
0.827014001
1.430567229
0.933010703
1.003096942
0.724913387
0.717091737
1.808271638
0.711765978
0.718126074
0.682118996
0.762364048
1.763747307
0.761777575
0.738536603
1.097609049
0.772648759
1.121975486
0.824999603
0.83534778
1.086800286
0.717740378
0.740629834
1.834631352
1.366900776
1.202197345
0.623205188
1.700966152
1.426709517
1.396616022
0.77020073
0.913433656
1.382842454
0.736474498
0.642542477
0.672539995
1.425959632
2.096399424
0.735470608
0.742604123
0.685946395
0.715774916
0.936527713
0.711400195
0.747177928
1.354298921
0.907332628
0.710845573
0.733063447
0.721241816
1.42372798
